nodenumber     x-coordinate     y-coordinate     z-coordinate      temperature 
         1  9.839159487E-10 -2.500000037E-02  0.000000000E+00  3.730876770E+02 
         2 -1.631527552E-10 -2.035816014E-02  0.000000000E+00  3.730958862E+02 
         3  7.396749879E-11 -1.615167223E-02  0.000000000E+00  3.731069336E+02 
         4  4.338384513E-11 -1.219676808E-02  0.000000000E+00  3.731170654E+02 
         5 -1.034719879E-11 -8.720454760E-03  0.000000000E+00  3.731244507E+02 
         6  5.480598614E-14 -5.612935405E-03  0.000000000E+00  3.731294250E+02 
         7  1.349198531E-11 -5.501045380E-03  0.000000000E+00  3.731295776E+02 
         8  6.434659749E-11 -2.388990717E-03  0.000000000E+00  3.731322021E+02 
         9 -9.836621101E-12 -3.428677737E-04  0.000000000E+00  3.731329041E+02 
        10 -4.060765613E-11  6.292788748E-05  0.000000000E+00  3.731329651E+02 
        11 -4.656991459E-11  3.070792882E-03  0.000000000E+00  3.731312866E+02 
        12  1.045631637E-11  5.433393642E-03  0.000000000E+00  3.731287231E+02 
        13 -4.603727122E-11  7.411433384E-03  0.000000000E+00  3.731259460E+02 
        14  2.644968411E-10  1.187863015E-02  0.000000000E+00  3.731170044E+02 
        15 -1.455686682E-10  1.613201760E-02  0.000000000E+00  3.731066895E+02 
        16  2.941424881E-12  2.033977211E-02  0.000000000E+00  3.730959167E+02 
        17 -2.950190980E-09  2.500000037E-02  0.000000000E+00  3.730876465E+02 
        18  9.052337768E-10 -2.500000037E-02  4.000000190E-03  3.730853882E+02 
        19  1.885042122E-11 -2.035816014E-02  4.000000190E-03  3.730961914E+02 
        20  7.396749879E-11 -1.615167223E-02  4.000000190E-03  3.731072388E+02 
        21 -1.100575187E-11 -1.219676901E-02  4.000000190E-03  3.731173401E+02 
        22  8.326457579E-12 -8.720454760E-03  4.000000190E-03  3.731248474E+02 
        23 -3.789836500E-11 -5.612935405E-03  4.000000190E-03  3.731297607E+02 
        24  3.895783696E-11 -5.501045380E-03  4.000000190E-03  3.731299133E+02 
        25  9.345042795E-11 -2.388990717E-03  4.000000190E-03  3.731325073E+02 
        26 -1.975350439E-12 -3.428676282E-04  4.000000190E-03  3.731332397E+02 
        27 -5.898892486E-13  6.292785110E-05  4.000000190E-03  3.731333313E+02 
        28 -4.848843549E-12  3.070792882E-03  4.000000190E-03  3.731316528E+02 
        29  6.983335438E-11  5.433393642E-03  4.000000190E-03  3.731291504E+02 
        30 -1.962492668E-12  7.411433384E-03  4.000000190E-03  3.731263733E+02 
        31  2.644968411E-10  1.187863015E-02  4.000000190E-03  3.731174316E+02 
        32 -8.736100732E-11  1.613201760E-02  4.000000190E-03  3.731070251E+02 
        33  8.297695864E-11  2.033977211E-02  4.000000190E-03  3.730961304E+02 
        34 -2.871508809E-09  2.500000037E-02  4.000000190E-03  3.730853882E+02 
        35  8.265516604E-10 -2.500000037E-02  8.000000380E-03  3.730854797E+02 
        36 -3.935723969E-11 -2.035816014E-02  8.000000380E-03  3.730964966E+02 
        37  7.396749879E-11 -1.615167223E-02  8.000000380E-03  3.731077271E+02 
        38 -7.603734309E-11 -1.219676808E-02  8.000000380E-03  3.731179199E+02 
        39  3.743028804E-11 -8.720454760E-03  8.000000380E-03  3.731255188E+02 
        40 -1.518576931E-12 -5.612935871E-03  8.000000380E-03  3.731304321E+02 
        41  7.533762503E-11 -5.501045845E-03  8.000000380E-03  3.731305847E+02 
        42 -3.815800453E-11 -2.388990717E-03  8.000000380E-03  3.731331787E+02 
        43  7.822839598E-13 -3.428673081E-04  8.000000380E-03  3.731339111E+02 
        44  5.397979286E-11  6.292783655E-05  8.000000380E-03  3.731339722E+02 
        45 -4.848843549E-12  3.070792882E-03  8.000000380E-03  3.731322937E+02 
        46  1.726711829E-11  5.433393177E-03  8.000000380E-03  3.731297607E+02 
        47  4.211228588E-11  7.411433384E-03  8.000000380E-03  3.731270142E+02 
        48 -1.154204232E-10  1.187863015E-02  8.000000380E-03  3.731180420E+02 
        49 -7.016609516E-12  1.613201760E-02  8.000000380E-03  3.731074829E+02 
        50  1.557365348E-10  2.033977211E-02  8.000000380E-03  3.730964355E+02 
        51 -2.792826637E-09  2.500000037E-02  8.000000380E-03  3.730854187E+02 
        52  7.478694886E-10 -2.500000037E-02  1.200000010E-02  3.730855713E+02 
        53 -9.756490060E-11 -2.035816014E-02  1.200000010E-02  3.730967407E+02 
        54  7.396749879E-11 -1.615167223E-02  1.200000010E-02  3.731080933E+02 
        55 -7.603734309E-11 -1.219676808E-02  1.200000010E-02  3.731183777E+02 
        56  3.743028804E-11 -8.720454760E-03  1.200000010E-02  3.731259766E+02 
        57 -5.369475697E-12 -5.612935871E-03  1.200000010E-02  3.731309509E+02 
        58  1.095856184E-10 -5.501045845E-03  1.200000010E-02  3.731311035E+02 
        59 -1.723041432E-10 -2.388990717E-03  1.200000010E-02  3.731336670E+02 
        60 -3.314015729E-12 -3.428669879E-04  1.200000010E-02  3.731344299E+02 
        61  1.150944756E-10  6.292783655E-05  1.200000010E-02  3.731344910E+02 
        62  7.396148971E-11  3.070792882E-03  1.200000010E-02  3.731328125E+02 
        63  2.290853618E-11  5.433392711E-03  1.199999917E-02  3.731302490E+02 
        64  2.797940352E-11  7.411433384E-03  1.200000010E-02  3.731275024E+02 
        65  1.774269343E-10  1.187863015E-02  1.200000010E-02  3.731184692E+02 
        66  5.119105140E-11  1.613201760E-02  1.200000010E-02  3.731078491E+02 
        67  5.252673296E-12  2.033977211E-02  1.200000010E-02  3.730966797E+02 
        68 -2.714144687E-09  2.500000037E-02  1.200000010E-02  3.730854797E+02 
        69  6.691873722E-10 -2.500000037E-02  1.600000076E-02  3.730856323E+02 
        70 -9.756490060E-11 -2.035816014E-02  1.600000076E-02  3.730969849E+02 
        71  1.575983788E-11 -1.615167223E-02  1.600000076E-02  3.731084290E+02 
        72 -1.924526649E-10 -1.219676808E-02  1.600000076E-02  3.731188354E+02 
        73  3.743028804E-11 -8.720454760E-03  1.600000076E-02  3.731265259E+02 
        74 -1.628341212E-11 -5.612935871E-03  1.600000076E-02  3.731314087E+02 
        75  9.685269253E-11 -5.501045845E-03  1.600000076E-02  3.731315918E+02 
        76 -1.723041432E-10 -2.388990717E-03  1.600000076E-02  3.731342163E+02 
        77 -2.060573934E-13 -3.428670170E-04  1.600000076E-02  3.731349792E+02 
        78  1.187324544E-10  6.292780017E-05  1.600000076E-02  3.731350708E+02 
        79  7.396148971E-11  3.070792882E-03  1.600000076E-02  3.731333618E+02 
        80  2.290853618E-11  5.433392711E-03  1.600000076E-02  3.731308594E+02 
        81  2.797940352E-11  7.411433384E-03  1.600000076E-02  3.731281128E+02 
        82  2.356345952E-10  1.187863015E-02  1.600000076E-02  3.731189575E+02 
        83 -1.226234669E-10  1.613201760E-02  1.600000076E-02  3.731082153E+02 
        84  7.279307712E-11  2.033977211E-02  1.600000076E-02  3.730968933E+02 
        85 -2.635462515E-09  2.500000037E-02  1.600000076E-02  3.730855408E+02 
        86  5.905052558E-10 -2.500000037E-02  1.999999955E-02  3.730856934E+02 
        87 -1.700606322E-11 -2.035815828E-02  1.999999955E-02  3.730972595E+02 
        88 -8.006395547E-11 -1.615167223E-02  1.999999955E-02  3.731088867E+02 
        89 -1.924526649E-10 -1.219676808E-02  1.999999955E-02  3.731193848E+02 
        90  8.326457579E-12 -8.720454760E-03  1.999999955E-02  3.731270752E+02 
        91  2.119401876E-12 -5.612935871E-03  1.999999955E-02  3.731319885E+02 
        92  8.230077730E-11 -5.501045845E-03  1.999999955E-02  3.731321716E+02 
        93 -1.723041432E-10 -2.388990950E-03  1.999999955E-02  3.731348267E+02 
        94  8.539835505E-13 -3.428671043E-04  1.999999955E-02  3.731355591E+02 
        95  1.114564968E-10  6.292777834E-05  1.999999955E-02  3.731356201E+02 
        96  7.396148971E-11  3.070792882E-03  1.999999955E-02  3.731339111E+02 
        97  2.407790634E-11  5.433392711E-03  1.999999955E-02  3.731314087E+02 
        98 -3.988909897E-11  7.411432918E-03  1.999999955E-02  3.731286621E+02 
        99  2.356345952E-10  1.187863015E-02  1.999999955E-02  3.731194763E+02 
       100 -6.441580602E-11  1.613201760E-02  1.999999955E-02  3.731086731E+02 
       101  1.346387168E-10  2.033977211E-02  1.999999955E-02  3.730971069E+02 
       102 -2.556780343E-09  2.500000037E-02  1.999999955E-02  3.730857239E+02 
       103  5.118230839E-10 -2.500000037E-02  2.400000021E-02  3.730858459E+02 
       104 -1.700606322E-11 -2.035815828E-02  2.400000021E-02  3.730974426E+02 
       105  5.049402563E-11 -1.615167223E-02  2.400000021E-02  3.731093140E+02 
       106 -1.924526649E-10 -1.219676808E-02  2.400000021E-02  3.731198730E+02 
       107 -1.034719879E-11 -8.720454760E-03  2.400000021E-02  3.731276245E+02 
       108 -3.992100400E-11 -5.612935871E-03  2.400000021E-02  3.731325378E+02 
       109  3.895783696E-11 -5.501045845E-03  2.400000021E-02  3.731327209E+02 
       110 -3.815800453E-11 -2.388990950E-03  2.400000021E-02  3.731353760E+02 
       111  4.878116140E-12 -3.428672790E-04  2.400000021E-02  3.731361084E+02 
       112  8.235266635E-11  6.292776379E-05  2.400000021E-02  3.731362000E+02 
       113  7.396148971E-11  3.070792882E-03  2.400000021E-02  3.731344604E+02 
       114  2.290853618E-11  5.433392711E-03  2.399999835E-02  3.731319580E+02 
       115  2.797940352E-11  7.411433384E-03  2.400000021E-02  3.731291504E+02 
       116  2.356345952E-10  1.187863015E-02  2.400000021E-02  3.731199341E+02 
       117 -3.531197557E-11  1.613201760E-02  2.400000021E-02  3.731090088E+02 
       118  1.855704201E-10  2.033977211E-02  2.400000021E-02  3.730973816E+02 
       119 -2.478098171E-09  2.500000037E-02  2.400000021E-02  3.730857849E+02 
       120  4.331409398E-10 -2.500000037E-02  2.800000086E-02  3.730859070E+02 
       121 -7.521372414E-11 -2.035815828E-02  2.800000086E-02  3.730977173E+02 
       122  5.049402563E-11 -1.615167223E-02  2.800000086E-02  3.731096802E+02 
       123 -5.107056444E-11 -1.219676808E-02  2.800000086E-02  3.731203613E+02 
       124 -1.034719879E-11 -8.720454760E-03  2.800000086E-02  3.731281433E+02 
       125 -3.810201460E-11 -5.612935871E-03  2.800000086E-02  3.731331177E+02 
       126  4.077682636E-11 -5.501045845E-03  2.800000086E-02  3.731332397E+02 
       127 -3.815800453E-11 -2.388990950E-03  2.800000086E-02  3.731358948E+02 
       128  1.806007600E-12 -3.428671625E-04  2.800000086E-02  3.731366882E+02 
       129  1.041805392E-10  6.292778562E-05  2.800000086E-02  3.731367798E+02 
       130  7.396148971E-11  3.070792882E-03  2.800000086E-02  3.731349487E+02 
       131  2.407790634E-11  5.433392711E-03  2.800000086E-02  3.731324463E+02 
       132 -3.988909897E-11  7.411432918E-03  2.800000086E-02  3.731296692E+02 
       133 -1.442826969E-10  1.187863015E-02  2.800000086E-02  3.731204529E+02 
       134  4.503240836E-11  1.613201760E-02  2.800000086E-02  3.731094360E+02 
       135 -1.917948855E-10  2.033977211E-02  2.800000086E-02  3.730976868E+02 
       136 -2.399415999E-09  2.500000037E-02  2.800000086E-02  3.730859070E+02 
       137  3.544588234E-10 -2.500000037E-02  3.200000152E-02  3.730859985E+02 
       138 -1.916290460E-10 -2.035815828E-02  3.200000152E-02  3.730979309E+02 
       139 -7.713635286E-12 -1.615167223E-02  3.200000152E-02  3.731101074E+02 
       140 -1.303294833E-10 -1.219676808E-02  3.200000152E-02  3.731208801E+02 
       141  8.297529330E-14 -8.720454760E-03  3.200000152E-02  3.731287537E+02 
       142 -1.787092696E-11 -5.612935405E-03  3.200000152E-02  3.731336975E+02 
       143 -6.516898132E-12 -5.501045845E-03  3.200000152E-02  3.731338196E+02 
       144  1.225542584E-10 -2.388990717E-03  3.200000152E-02  3.731365051E+02 
       145 -8.077787571E-13 -3.428673663E-04  3.200000152E-02  3.731372375E+02 
       146  7.143872993E-11  6.292777107E-05  3.200000152E-02  3.731372986E+02 
       147  7.396148971E-11  3.070792882E-03  3.200000152E-02  3.731354980E+02 
       148  2.407790634E-11  5.433392711E-03  3.200000152E-02  3.731329956E+02 
       149 -3.988909897E-11  7.411432918E-03  3.200000152E-02  3.731301880E+02 
       150 -1.442826969E-10  1.187863015E-02  3.200000152E-02  3.731210022E+02 
       151  4.503240836E-11  1.613201760E-02  3.200000152E-02  3.731098633E+02 
       152 -1.315304671E-10  2.033977211E-02  3.200000152E-02  3.730979309E+02 
       153 -2.320733827E-09  2.500000037E-02  3.200000152E-02  3.730860291E+02 
       154  2.757766793E-10 -2.500000037E-02  3.599999845E-02  3.730861206E+02 
       155 -5.286251992E-11 -2.035816014E-02  3.600000218E-02  3.730982361E+02 
       156 -7.713635286E-12 -1.615167223E-02  3.600000218E-02  3.731105347E+02 
       157 -1.303294833E-10 -1.219676808E-02  3.600000218E-02  3.731213989E+02 
       158  1.436405855E-11 -8.720454760E-03  3.600000218E-02  3.731292419E+02 
       159  2.418804740E-11 -5.612934940E-03  3.600000218E-02  3.731342468E+02 
       160 -3.198274978E-11 -5.501045380E-03  3.600000218E-02  3.731344299E+02 
       161  9.345042795E-11 -2.388990717E-03  3.600000218E-02  3.731370239E+02 
       162  6.742696679E-13 -3.428673663E-04  3.600000218E-02  3.731377869E+02 
       163  6.052479351E-11  6.292779290E-05  3.600000218E-02  3.731378479E+02 
       164  7.396148971E-11  3.070792882E-03  3.600000218E-02  3.731360779E+02 
       165  2.407790634E-11  5.433392711E-03  3.600000218E-02  3.731335449E+02 
       166 -3.988909897E-11  7.411432918E-03  3.600000218E-02  3.731307678E+02 
       167 -1.442826969E-10  1.187863015E-02  3.600000218E-02  3.731215210E+02 
       168 -9.967829340E-11  1.613201760E-02  3.600000218E-02  3.731102905E+02 
       169 -7.332280616E-11  2.033977211E-02  3.600000218E-02  3.730982666E+02 
       170 -2.242051655E-09  2.500000037E-02  3.599999845E-02  3.730860596E+02 
       171  1.970945351E-10 -2.500000037E-02  3.999999911E-02  3.730862122E+02 
       172 -1.110701808E-10 -2.035816014E-02  3.999999911E-02  3.730985107E+02 
       173  8.522824113E-11 -1.615167223E-02  3.999999911E-02  3.731109619E+02 
       174 -1.303294833E-10 -1.219676808E-02  3.999999911E-02  3.731220093E+02 
       175  1.436405855E-11 -8.720454760E-03  3.999999911E-02  3.731297913E+02 
       176 -2.716951664E-11 -5.612935405E-03  3.999999911E-02  3.731348267E+02 
       177 -1.561184515E-11 -5.501045845E-03  3.999999911E-02  3.731350098E+02 
       178  1.225542584E-10 -2.388990717E-03  3.999999911E-02  3.731376343E+02 
       179  3.288053423E-12 -3.428672499E-04  3.999999911E-02  3.731383362E+02 
       180  9.326660277E-11  6.292776379E-05  3.999999911E-02  3.731383972E+02 
       181  7.396148971E-11  3.070792882E-03  3.999999911E-02  3.731365967E+02 
       182  2.524727649E-11  5.433392711E-03  3.999999911E-02  3.731341248E+02 
       183  4.185676111E-12  7.411433384E-03  3.999999911E-02  3.731313477E+02 
       184 -1.442826969E-10  1.187863015E-02  3.999999911E-02  3.731220398E+02 
       185 -7.057446294E-11  1.613201760E-02  3.999999911E-02  3.731108093E+02 
       186 -7.839187632E-12  2.033977211E-02  3.999999911E-02  3.730985107E+02 
       187 -2.163369706E-09  2.500000037E-02  3.999999911E-02  3.730862122E+02 
       188  1.184124049E-10 -2.500000037E-02  4.399999976E-02  3.730863342E+02 
       189 -1.692778417E-10 -2.035816014E-02  4.399999976E-02  3.730988770E+02 
       190  2.702058022E-11 -1.615167223E-02  4.399999976E-02  3.731113892E+02 
       191 -1.885371442E-10 -1.219676808E-02  4.399999976E-02  3.731224670E+02 
       192  1.436405855E-11 -8.720454760E-03  4.399999976E-02  3.731303711E+02 
       193  1.509310038E-11 -5.612934940E-03  4.399999976E-02  3.731353455E+02 
       194 -4.107769680E-11 -5.501045380E-03  4.399999976E-02  3.731355286E+02 
       195  9.345042795E-11 -2.388990717E-03  4.399999976E-02  3.731381531E+02 
       196  1.240137333E-12 -3.428672499E-04  4.399999976E-02  3.731387939E+02 
       197  8.235266635E-11  6.292781472E-05  4.399999976E-02  3.731388855E+02 
       198  7.396148971E-11  3.070792882E-03  4.399999976E-02  3.731371460E+02 
       199  2.524727649E-11  5.433392711E-03  4.399999976E-02  3.731346436E+02 
       200  4.185676111E-12  7.411433384E-03  4.399999976E-02  3.731318359E+02 
       201  2.649799824E-10  1.187863015E-02  4.399999976E-02  3.731226196E+02 
       202 -4.147063248E-11  1.613201760E-02  4.399999976E-02  3.731111755E+02 
       203 -1.692370133E-10  2.033977024E-02  4.399999976E-02  3.730988159E+02 
       204 -2.084687534E-09  2.500000037E-02  4.399999976E-02  3.730863037E+02 
       205  3.973026422E-11 -2.500000037E-02  4.800000042E-02  3.730864563E+02 
       206 -1.692778417E-10 -2.035816014E-02  4.800000042E-02  3.730991211E+02 
       207 -4.370244444E-11 -1.615167223E-02  4.800000414E-02  3.731118774E+02 
       208 -1.885371442E-10 -1.219676808E-02  4.800000042E-02  3.731230774E+02 
       209 -4.309594348E-12 -8.720454760E-03  4.800000042E-02  3.731309814E+02 
       210 -6.275876086E-13 -5.612934940E-03  4.800000042E-02  3.731359558E+02 
       211  1.283931572E-10 -5.501045380E-03  4.800000042E-02  3.731361084E+02 
       212  9.345042795E-11 -2.388990717E-03  4.800000042E-02  3.731386719E+02 
       213 -1.081516821E-12 -3.428672790E-04  4.800000042E-02  3.731393738E+02 
       214  8.235266635E-11  6.292778562E-05  4.800000042E-02  3.731394348E+02 
       215 -3.519674829E-11  3.070792882E-03  4.800000042E-02  3.731377258E+02 
       216  5.552047710E-11  5.433392711E-03  4.800000042E-02  3.731352234E+02 
       217 -9.947209723E-12  7.411433384E-03  4.800000042E-02  3.731324768E+02 
       218  2.649799824E-10  1.187863015E-02  4.800000042E-02  3.731231689E+02 
       219  1.673702843E-11  1.613201760E-02  4.800000042E-02  3.731117249E+02 
       220 -1.037533948E-10  2.033977024E-02  4.800000042E-02  3.730990906E+02 
       221 -2.006005362E-09  2.500000037E-02  4.800000042E-02  3.730864258E+02 
       222 -3.895188339E-11 -2.500000037E-02  5.200000107E-02  3.730865173E+02 
       223  1.272536243E-11 -2.035816014E-02  5.200000107E-02  3.730994263E+02 
       224 -5.399822256E-11 -1.615167223E-02  5.200000107E-02  3.731123657E+02 
       225 -3.722006037E-11 -1.219676808E-02  5.200000107E-02  3.731236572E+02 
       226 -4.309594348E-12 -8.720454760E-03  5.200000107E-02  3.731315308E+02 
       227 -1.481439971E-12 -5.612934940E-03  5.200000107E-02  3.731364746E+02 
       228  1.265741678E-10 -5.501045380E-03  5.200000107E-02  3.731366577E+02 
       229  9.345042795E-11 -2.388990717E-03  5.200000107E-02  3.731392517E+02 
       230  1.710837721E-11 -3.428673372E-04  5.200000107E-02  3.731398926E+02 
       231 -3.413977434E-12  6.292767648E-05  5.200000107E-02  3.731399536E+02 
       232  7.396148971E-11  3.070792882E-03  5.200000107E-02  3.731382446E+02 
       233 -3.651314667E-11  5.433392711E-03  5.200000107E-02  3.731357422E+02 
       234 -9.947209723E-12  7.411433384E-03  5.200000107E-02  3.731330566E+02 
       235  2.649799824E-10  1.187863015E-02  5.200000107E-02  3.731237488E+02 
       236 -1.349408085E-10  1.613201760E-02  5.200000107E-02  3.731121826E+02 
       237 -3.621303257E-11  2.033977024E-02  5.200000107E-02  3.730994263E+02 
       238 -1.927323190E-09  2.500000037E-02  5.200000107E-02  3.730865173E+02 
       239 -1.176340275E-10 -2.500000037E-02  5.600000173E-02  3.730866699E+02 
       240 -8.871894885E-11 -2.035816014E-02  5.600000173E-02  3.730997620E+02 
       241 -5.399822256E-11 -1.615167223E-02  5.600000173E-02  3.731129150E+02 
       242 -5.579825491E-11 -1.219676808E-02  5.600000173E-02  3.731242371E+02 
       243 -2.298324725E-11 -8.720454760E-03  5.600000173E-02  3.731321411E+02 
       244  3.148260819E-11 -5.612934474E-03  5.600000173E-02  3.731371155E+02 
       245  9.201336915E-11 -5.501045380E-03  5.600000173E-02  3.731372375E+02 
       246  6.434659749E-11 -2.388990717E-03  5.600000173E-02  3.731397705E+02 
       247 -8.959662873E-12 -3.428673372E-04  5.600000173E-02  3.731404114E+02 
       248 -2.698119506E-12  6.292769103E-05  5.600000173E-02  3.731404724E+02 
       249 -3.519674829E-11  3.070792882E-03  5.600000173E-02  3.731387939E+02 
       250 -3.651314667E-11  5.433392711E-03  5.600000173E-02  3.731363220E+02 
       251 -9.947209723E-12  7.411433384E-03  5.600000173E-02  3.731336060E+02 
       252  2.649799824E-10  1.187863015E-02  5.600000173E-02  3.731243286E+02 
       253 -1.058369781E-10  1.613201760E-02  5.600000173E-02  3.731126709E+02 
       254  1.108069192E-11  2.033977024E-02  5.600000173E-02  3.730997620E+02 
       255 -1.848641018E-09  2.500000037E-02  5.600000173E-02  3.730865784E+02 
       256 -1.963161578E-10 -2.500000037E-02  5.999999866E-02  3.730867920E+02 
       257 -1.469266098E-10 -2.035816014E-02  6.000000238E-02  3.731000977E+02 
       258 -6.086339766E-12 -1.615167223E-02  5.999999866E-02  3.731133423E+02 
       259 -5.579825491E-11 -1.219676808E-02  6.000000611E-02  3.731248169E+02 
       260 -2.298324725E-11 -8.720454760E-03  6.000000238E-02  3.731327515E+02 
       261  2.602563998E-11 -5.612934474E-03  6.000000238E-02  3.731376343E+02 
       262  8.655640094E-11 -5.501045380E-03  6.000000238E-02  3.731378174E+02 
       263  6.434659749E-11 -2.388990717E-03  6.000000238E-02  3.731403198E+02 
       264 -5.321684066E-12 -3.428673372E-04  6.000000238E-02  3.731409607E+02 
       265 -2.902650342E-12  6.292766921E-05  6.000000238E-02  3.731410217E+02 
       266 -3.519674829E-11  3.070792882E-03  6.000000238E-02  3.731393127E+02 
       267 -3.651314667E-11  5.433392711E-03  6.000000238E-02  3.731368713E+02 
       268 -9.947209723E-12  7.411433384E-03  6.000000238E-02  3.731341858E+02 
       269 -1.731449983E-10  1.187863108E-02  6.000000238E-02  3.731249390E+02 
       270 -7.673314761E-11  1.613201760E-02  6.000000238E-02  3.731131897E+02 
       271 -1.539551264E-10  2.033977024E-02  6.000000238E-02  3.731000977E+02 
       272 -1.769958957E-09  2.500000037E-02  5.999999866E-02  3.730867310E+02 
       273 -2.749983019E-10 -2.500000037E-02  6.400000304E-02  3.730869446E+02 
       274 -2.051342707E-10 -2.035816014E-02  6.400000304E-02  3.731004639E+02 
       275 -1.225016616E-10 -1.615167223E-02  6.400000304E-02  3.731138916E+02 
       276 -5.579825491E-11 -1.219676808E-02  6.400000304E-02  3.731254578E+02 
       277 -2.298324725E-11 -8.720454760E-03  6.400000304E-02  3.731333923E+02 
       278  4.197767134E-12 -5.612934474E-03  6.400000304E-02  3.731382141E+02 
       279  6.472852809E-11 -5.501045380E-03  6.400000304E-02  3.731383972E+02 
       280  6.434659749E-11 -2.388990717E-03  6.400000304E-02  3.731408997E+02 
       281 -1.683705259E-12 -3.428673372E-04  6.400000304E-02  3.731415100E+02 
       282 -3.004915761E-12  6.292769103E-05  6.400000304E-02  3.731415710E+02 
       283  8.121857353E-11  3.070792882E-03  6.400000304E-02  3.731398926E+02 
       284  4.845961132E-11  5.433392711E-03  6.400000304E-02  3.731374512E+02 
       285 -7.781572609E-11  7.411433384E-03  6.400000304E-02  3.731347656E+02 
       286 -1.731449983E-10  1.187863108E-02  6.400000304E-02  3.731255798E+02 
       287  3.271503901E-11  1.613201760E-02  6.400000304E-02  3.731137695E+02 
       288 -6.458690527E-11  2.033977024E-02  6.400000304E-02  3.731004333E+02 
       289 -1.691276785E-09  2.500000037E-02  6.400000304E-02  3.730869141E+02 
       290 -3.536804460E-10 -2.500000037E-02  6.800000370E-02  3.730870972E+02 
       291 -2.313105263E-11 -2.035815828E-02  6.800000370E-02  3.731007996E+02 
       292 -4.148409394E-11 -1.615167223E-02  6.800000370E-02  3.731144409E+02 
       293 -1.408616279E-12 -1.219676808E-02  6.800000370E-02  3.731260376E+02 
       294 -1.255306969E-11 -8.720454760E-03  6.800000370E-02  3.731339722E+02 
       295  1.148303674E-11 -5.612934940E-03  6.800000370E-02  3.731387634E+02 
       296  3.926267644E-11 -5.501045845E-03  6.800000370E-02  3.731389160E+02 
       297  6.434659749E-11 -2.388990717E-03  6.800000370E-02  3.731413574E+02 
       298  1.173947571E-11 -3.428674827E-04  6.800000370E-02  3.731419678E+02 
       299 -2.595854087E-12  6.292769831E-05  6.800000370E-02  3.731420593E+02 
       300  8.121857353E-11  3.070792882E-03  6.800000370E-02  3.731404724E+02 
       301  4.845961132E-11  5.433392711E-03  6.800000370E-02  3.731380615E+02 
       302 -7.781572609E-11  7.411433384E-03  6.800000370E-02  3.731354065E+02 
       303 -1.731449983E-10  1.187863108E-02  6.800000370E-02  3.731261597E+02 
       304  6.181886947E-11  1.613201760E-02  6.800000370E-02  3.731142578E+02 
       305 -6.379244355E-12  2.033977024E-02  6.800000370E-02  3.731007996E+02 
       306 -1.612594613E-09  2.500000037E-02  6.800000370E-02  3.730870361E+02 
       307 -4.323625902E-10 -2.500000037E-02  7.199999690E-02  3.730871582E+02 
       308  5.742788189E-11 -2.035816014E-02  7.200000435E-02  3.731011963E+02 
       309 -4.148409394E-11 -1.615167223E-02  7.200000435E-02  3.731149902E+02 
       310 -1.408616279E-12 -1.219676808E-02  7.200000435E-02  3.731267090E+02 
       311  1.728030913E-12 -8.720454760E-03  7.200000435E-02  3.731345825E+02 
       312 -2.510037664E-11 -5.612934940E-03  7.200000435E-02  3.731393738E+02 
       313  2.882888372E-12 -5.501045845E-03  7.200000435E-02  3.731395264E+02 
       314  3.524276704E-11 -2.388990717E-03  7.200000435E-02  3.731418762E+02 
       315 -1.069058730E-11 -3.428674827E-04  7.200000435E-02  3.731425476E+02 
       316  1.445437953E-12  6.292771286E-05  7.200000435E-02  3.731425781E+02 
       317  8.121857353E-11  3.070792882E-03  7.200000435E-02  3.731409912E+02 
       318 -3.887870581E-11  5.433392711E-03  7.200000435E-02  3.731386414E+02 
       319 -3.374095447E-11  7.411433384E-03  7.200000435E-02  3.731360474E+02 
       320  2.361176810E-10  1.187863015E-02  7.200000435E-02  3.731268311E+02 
       321 -1.119956905E-10  1.613201760E-02  7.200000435E-02  3.731148071E+02 
       322 -1.714150766E-10  2.033977211E-02  7.200000435E-02  3.731011963E+02 
       323 -1.533912553E-09  2.500000037E-02  7.199999690E-02  3.730871582E+02 
       324 -5.110447066E-10 -2.500000037E-02  7.599999756E-02  3.730873718E+02 
       325 -7.797790191E-13 -2.035816014E-02  7.599999756E-02  3.731015625E+02 
       326  3.953345984E-11 -1.615167223E-02  7.599999756E-02  3.731155701E+02 
       327 -5.961627719E-11 -1.219676808E-02  7.599999756E-02  3.731273499E+02 
       328  1.728030913E-12 -8.720454760E-03  7.599999756E-02  3.731352539E+02 
       329  1.170529992E-11 -5.612933543E-03  7.599999756E-02  3.731398926E+02 
       330 -2.985892089E-11 -5.501045380E-03  7.599999756E-02  3.731400452E+02 
       331  6.138936581E-12 -2.388990717E-03  7.599999756E-02  3.731423645E+02 
       332 -8.783536398E-12 -3.428675700E-04  7.599999756E-02  3.731429749E+02 
       333 -1.578947043E-12  6.292776379E-05  7.599999756E-02  3.731430359E+02 
       334 -3.519674829E-11  3.070792882E-03  7.599999756E-02  3.731415405E+02 
       335 -7.409316216E-12  5.433392711E-03  7.599999756E-02  3.731392517E+02 
       336 -7.781572609E-11  7.411433384E-03  7.599999756E-02  3.731366882E+02 
       337  2.361176810E-10  1.187863015E-02  7.599999756E-02  3.731274414E+02 
       338 -8.289186004E-11  1.613201760E-02  7.599999756E-02  3.731154175E+02 
       339 -1.147886786E-10  2.033977211E-02  7.599999756E-02  3.731015625E+02 
       340 -1.455230381E-09  2.500000037E-02  7.599999756E-02  3.730873108E+02 
       341 -5.897268784E-10 -2.500000037E-02  7.999999821E-02  3.730874634E+02 
       342 -5.898743993E-11 -2.035816014E-02  7.999999821E-02  3.731019897E+02 
       343 -1.867420107E-11 -1.615167223E-02  7.999999821E-02  3.731161499E+02 
       344 -5.226624689E-12 -1.219676714E-02  7.999999821E-02  3.731279907E+02 
       345 -1.694561852E-11 -8.720454760E-03  7.999999821E-02  3.731358032E+02 
       346 -1.396417010E-11 -5.612933543E-03  7.999999821E-02  3.731404419E+02 
       347 -5.501195333E-11 -5.501045380E-03  7.999999821E-02  3.731405945E+02 
       348 -2.296489388E-11 -2.388990717E-03  7.999999821E-02  3.731429138E+02 
       349  2.473658084E-11 -3.428678319E-04  7.999999821E-02  3.731434937E+02 
       350 -1.169884502E-12  6.292777834E-05  7.999999821E-02  3.731435547E+02 
       351 -3.519674829E-11  3.070792882E-03  7.999999821E-02  3.731420288E+02 
       352 -7.409316216E-12  5.433392711E-03  7.999999821E-02  3.731398010E+02 
       353 -7.781572609E-11  7.411433384E-03  7.999999821E-02  3.731372681E+02 
       354  2.361176810E-10  1.187863015E-02  7.999999821E-02  3.731281738E+02 
       355 -8.289186004E-11  1.613201760E-02  7.999999821E-02  3.731159668E+02 
       356 -6.021899646E-11  2.033977211E-02  7.999999821E-02  3.731019287E+02 
       357 -1.376548209E-09  2.500000037E-02  7.999999821E-02  3.730874329E+02 
       358 -6.684089948E-10 -2.500000037E-02  8.399999887E-02  3.730876770E+02 
       359  7.977918326E-11 -2.035816014E-02  8.399999887E-02  3.731023560E+02 
       360 -2.896999307E-11 -1.615167223E-02  8.399999887E-02  3.731167603E+02 
       361 -2.380480535E-11 -1.219676901E-02  8.399999887E-02  3.731286621E+02 
       362 -2.664507504E-12 -8.720454760E-03  8.399999887E-02  3.731364746E+02 
       363  1.354295495E-11 -5.612934008E-03  8.399999887E-02  3.731409607E+02 
       364 -9.321073080E-11 -5.501045845E-03  8.399999887E-02  3.731411133E+02 
       365 -2.296489388E-11 -2.388990717E-03  8.399999887E-02  3.731434021E+02 
       366  9.582470234E-12 -3.428679775E-04  8.399999887E-02  3.731439514E+02 
       367  2.774891211E-12  6.292768376E-05  8.399999887E-02  3.731440125E+02 
       368 -3.519674829E-11  3.070792882E-03  8.399999887E-02  3.731425781E+02 
       369  2.169451424E-11  5.433392711E-03  8.399999887E-02  3.731403503E+02 
       370 -3.374095447E-11  7.411433384E-03  8.399999887E-02  3.731378784E+02 
       371  2.361176810E-10  1.187863015E-02  8.399999887E-02  3.731287842E+02 
       372 -5.378802959E-11  1.613201760E-02  8.399999887E-02  3.731165771E+02 
       373 -5.649314350E-12  2.033977211E-02  8.399999887E-02  3.731023560E+02 
       374 -1.297866148E-09  2.500000037E-02  8.399999887E-02  3.730876160E+02 
       375 -7.470911667E-10 -2.500000037E-02  8.799999952E-02  3.730877991E+02 
       376  7.977918326E-11 -2.035816014E-02  8.799999952E-02  3.731027832E+02 
       377 -2.896999307E-11 -1.615167223E-02  8.799999952E-02  3.731173706E+02 
       378 -2.380480535E-11 -1.219676901E-02  8.799999952E-02  3.731293030E+02 
       379 -2.664507504E-12 -8.720455691E-03  8.799999952E-02  3.731370850E+02 
       380  1.536194436E-11 -5.612934008E-03  8.799999952E-02  3.731415405E+02 
       381 -9.139174140E-11 -5.501045845E-03  8.799999952E-02  3.731416626E+02 
       382 -2.296489388E-11 -2.388990950E-03  8.799999952E-02  3.731438293E+02 
       383 -1.302370711E-11 -3.428677446E-04  8.799999952E-02  3.731444092E+02 
       384 -1.578947043E-12  6.292758917E-05  8.799999952E-02  3.731444702E+02 
       385  8.121857353E-11  3.070792882E-03  8.799999952E-02  3.731431274E+02 
       386 -3.887870581E-11  5.433392245E-03  8.799999952E-02  3.731409302E+02 
       387 -3.374095447E-11  7.411433384E-03  8.799999952E-02  3.731384888E+02 
       388 -1.437996666E-10  1.187863015E-02  8.799999952E-02  3.731295471E+02 
       389  4.419631328E-12  1.613201760E-02  8.799999952E-02  3.731171875E+02 
       390 -1.561332452E-10  2.033977024E-02  8.799999952E-02  3.731027832E+02 
       391 -1.219183976E-09  2.500000037E-02  8.799999952E-02  3.730877991E+02 
       392 -8.257732831E-10 -2.500000037E-02  9.200000018E-02  3.730879517E+02 
       393  1.603381733E-10 -2.035815828E-02  9.200000018E-02  3.731032715E+02 
       394  7.301573235E-11 -1.615167223E-02  9.200000018E-02  3.731180115E+02 
       395 -2.380480535E-11 -1.219676901E-02  9.200000018E-02  3.731300049E+02 
       396 -2.664507504E-12 -8.720455691E-03  9.200000018E-02  3.731376953E+02 
       397 -2.690071430E-11 -5.612934008E-03  9.200000018E-02  3.731420593E+02 
       398 -6.774487915E-11 -5.501045845E-03  9.200000018E-02  3.731422119E+02 
       399  6.138936581E-12 -2.388991183E-03  9.200000018E-02  3.731442871E+02 
       400 -1.380201856E-11 -3.428675118E-04  9.200000018E-02  3.731448975E+02 
       401 -2.902650342E-12  6.292749458E-05  9.200000018E-02  3.731449585E+02 
       402  8.121857353E-11  3.070792649E-03  9.200000018E-02  3.731436157E+02 
       403 -9.774875354E-12  5.433392245E-03  9.200000018E-02  3.731415405E+02 
       404  1.033381714E-11  7.411433384E-03  9.200000018E-02  3.731391296E+02 
       405 -1.437996666E-10  1.187863015E-02  9.200000018E-02  3.731302490E+02 
       406 -1.181544307E-10  1.613201760E-02  9.200000018E-02  3.731178894E+02 
       407 -8.131696705E-11  2.033977024E-02  9.200000018E-02  3.731032104E+02 
       408 -1.140501804E-09  2.500000037E-02  9.200000018E-02  3.730879211E+02 
       409 -9.044553995E-10 -2.500000037E-02  9.600000083E-02  3.730882263E+02 
       410  1.603381733E-10 -2.035815828E-02  9.600000083E-02  3.731037598E+02 
       411  7.301573235E-11 -1.615167223E-02  9.600000083E-02  3.731186829E+02 
       412  1.888353363E-11 -1.219676808E-02  9.600000083E-02  3.731307678E+02 
       413  8.540246288E-11 -8.720455691E-03  9.600000083E-02  3.731383972E+02 
       414 -1.598677787E-11 -5.612934008E-03  9.600000083E-02  3.731426392E+02 
       415 -9.962413923E-13 -5.501045845E-03  9.600000083E-02  3.731427307E+02 
       416  7.591566265E-12 -2.388991183E-03  9.600000083E-02  3.731447754E+02 
       417 -4.795136510E-12 -3.428673954E-04  9.600000083E-02  3.731453857E+02 
       418  1.150944756E-10  6.292756007E-05  9.600000083E-02  3.731454468E+02 
       419  8.121857353E-11  3.070792649E-03  9.600000083E-02  3.731441650E+02 
       420  1.093433677E-11  5.433392245E-03  9.600000083E-02  3.731421204E+02 
       421 -3.799072168E-12  7.411433384E-03  9.600000083E-02  3.731397705E+02 
       422  1.490476909E-10  1.187863108E-02  9.600000083E-02  3.731309814E+02 
       423 -5.994676977E-11  1.613201760E-02  9.600000083E-02  3.731185913E+02 
       424 -1.583334852E-11  2.033977024E-02  9.600000083E-02  3.731036377E+02 
       425 -1.061819632E-09  2.500000037E-02  9.600000083E-02  3.730881042E+02 
       426 -9.831375714E-10 -2.500000037E-02  1.000000015E-01  3.730883484E+02 
       427  1.021305124E-10 -2.035815828E-02  1.000000015E-01  3.731042480E+02 
       428  1.480807144E-11 -1.615167409E-02  1.000000015E-01  3.731194153E+02 
       429  8.100661808E-11 -1.219676808E-02  1.000000015E-01  3.731315308E+02 
       430  2.719480197E-11 -8.720455691E-03  1.000000015E-01  3.731390381E+02 
       431  6.063385904E-12 -5.612934008E-03  1.000000015E-01  3.731431580E+02 
       432 -1.004866884E-10 -5.501045845E-03  1.000000015E-01  3.731433105E+02 
       433  1.091232833E-11 -2.388991183E-03  1.000000015E-01  3.731452637E+02 
       434 -1.743999736E-11 -3.428675991E-04  1.000000015E-01  3.731458130E+02 
       435  7.871468755E-11  6.292748003E-05  1.000000015E-01  3.731458740E+02 
       436  8.121857353E-11  3.070792649E-03  1.000000015E-01  3.731446533E+02 
       437  1.932895510E-11  5.433392245E-03  1.000000015E-01  3.731426697E+02 
       438 -3.799072168E-12  7.411433384E-03  1.000000015E-01  3.731404114E+02 
       439 -8.559200571E-11  1.187863015E-02  1.000000015E-01  3.731317139E+02 
       440 -3.084293931E-11  1.613201760E-02  1.000000015E-01  3.731192627E+02 
       441  3.146037597E-11  2.033977024E-02  1.000000015E-01  3.731042175E+02 
       442 -9.831375714E-10  2.500000037E-02  1.000000015E-01  3.730882874E+02 
       443 -1.061819743E-09 -2.500000037E-02  1.040000021E-01  3.730885620E+02 
       444  4.392285147E-11 -2.035815828E-02  1.040000021E-01  3.731047363E+02 
       445 -4.339958948E-11 -1.615167409E-02  1.040000021E-01  3.731201477E+02 
       446  3.058486797E-11 -1.219676808E-02  1.040000021E-01  3.731322632E+02 
       447  1.819586148E-11 -8.720455691E-03  1.040000021E-01  3.731396790E+02 
       448  3.538952117E-11 -5.612933543E-03  1.040000021E-01  3.731436768E+02 
       449  4.351832783E-11 -5.501046311E-03  1.040000021E-01  3.731438293E+02 
       450 -2.296489388E-11 -2.388991183E-03  1.040000021E-01  3.731457214E+02 
       451  1.626298055E-12 -3.428678610E-04  1.040000021E-01  3.731462402E+02 
       452  5.324883590E-11  6.292748003E-05  1.040000021E-01  3.731462708E+02 
       453  8.121857353E-11  3.070792649E-03  1.040000021E-01  3.731451416E+02 
       454  1.093433677E-11  5.433392245E-03  1.040000021E-01  3.731432495E+02 
       455 -3.799072168E-12  7.411433384E-03  1.040000021E-01  3.731411133E+02 
       456  2.654630127E-10  1.187863108E-02  1.040000021E-01  3.731324463E+02 
       457 -1.739108857E-12  1.613201760E-02  1.040000021E-01  3.731199951E+02 
       458 -1.299375052E-10  2.033977024E-02  1.040000021E-01  3.731047668E+02 
       459 -9.044553995E-10  2.500000037E-02  1.040000021E-01  3.730885315E+02 
       460 -1.140501804E-09 -2.500000037E-02  1.080000028E-01  3.730887756E+02 
       461  1.244818693E-10 -2.035816014E-02  1.080000028E-01  3.731052551E+02 
       462 -4.339958948E-11 -1.615167409E-02  1.080000028E-01  3.731209106E+02 
       463  3.058486797E-11 -1.219676808E-02  1.080000028E-01  3.731330566E+02 
       464 -1.090796897E-11 -8.720455691E-03  1.080000028E-01  3.731403198E+02 
       465  6.285690718E-12 -5.612933543E-03  1.080000028E-01  3.731441650E+02 
       466  1.623348678E-11 -5.501046311E-03  1.080000028E-01  3.731442871E+02 
       467 -2.296489388E-11 -2.388991183E-03  1.080000028E-01  3.731461182E+02 
       468 -2.999552863E-12 -3.428679775E-04  1.080000028E-01  3.731466675E+02 
       469  3.869692067E-11  6.292748731E-05  1.080000028E-01  3.731466980E+02 
       470  8.121857353E-11  3.070792649E-03  1.080000028E-01  3.731455994E+02 
       471  1.093433677E-11  5.433392245E-03  1.080000028E-01  3.731437988E+02 
       472 -3.799072168E-12  7.411433384E-03  1.080000028E-01  3.731416931E+02 
       473  2.654630127E-10  1.187863108E-02  1.080000028E-01  3.731332092E+02 
       474  2.736472160E-11  1.613201760E-02  1.080000028E-01  3.731207886E+02 
       475 -7.331113494E-11  2.033977024E-02  1.080000028E-01  3.731053467E+02 
       476 -8.257732831E-10  2.500000037E-02  1.080000028E-01  3.730887146E+02 
       477 -1.219183976E-09 -2.500000037E-02  1.120000035E-01  3.730889893E+02 
       478  6.627420834E-11 -2.035816014E-02  1.120000035E-01  3.731058350E+02 
       479 -8.665262952E-12 -1.615167409E-02  1.120000035E-01  3.731217041E+02 
       480  1.431822161E-10 -1.219676808E-02  1.119999960E-01  3.731338196E+02 
       481 -1.530048657E-11 -8.720455691E-03  1.120000035E-01  3.731409912E+02 
       482 -3.756429889E-11 -5.612933543E-03  1.120000035E-01  3.731446533E+02 
       483 -6.016406817E-11 -5.501046311E-03  1.120000035E-01  3.731447754E+02 
       484  5.297362549E-11 -2.388991183E-03  1.120000035E-01  3.731465149E+02 
       485  3.000839160E-12 -3.428684140E-04  1.119999960E-01  3.731470032E+02 
       486 -3.042467667E-11  6.292748003E-05  1.120000035E-01  3.731470642E+02 
       487 -3.519674829E-11  3.070792649E-03  1.120000035E-01  3.731460876E+02 
       488 -4.844268736E-11  5.433392245E-03  1.120000035E-01  3.731443481E+02 
       489  1.033381714E-11  7.411433384E-03  1.120000035E-01  3.731423035E+02 
       490  2.654630127E-10  1.187863108E-02  1.120000035E-01  3.731340027E+02 
       491  5.646855206E-11  1.613201760E-02  1.120000035E-01  3.731215210E+02 
       492 -2.965538926E-11  2.033977024E-02  1.120000035E-01  3.731058655E+02 
       493 -7.470911112E-10  2.500000037E-02  1.120000035E-01  3.730888977E+02 
       494 -1.297866148E-09 -2.500000037E-02  1.159999967E-01  3.730892334E+02 
       495  8.066547430E-12 -2.035816014E-02  1.160000041E-01  3.731064453E+02 
       496 -8.665262952E-12 -1.615167409E-02  1.160000041E-01  3.731225586E+02 
       497  2.676689426E-11 -1.219676808E-02  1.160000041E-01  3.731346436E+02 
       498 -1.530048657E-11 -8.720455691E-03  1.160000041E-01  3.731416321E+02 
       499 -8.034538312E-12 -5.612933077E-03  1.160000041E-01  3.731451416E+02 
       500 -1.001818350E-10 -5.501046311E-03  1.160000041E-01  3.731452637E+02 
       501  2.386979503E-11 -2.388991183E-03  1.160000041E-01  3.731469116E+02 
       502 -4.202941814E-12 -3.428685595E-04  1.160000041E-01  3.731473999E+02 
       503 -5.589052832E-11  6.292747275E-05  1.160000041E-01  3.731474609E+02 
       504 -3.519674829E-11  3.070792649E-03  1.160000041E-01  3.731464844E+02 
       505 -4.844268736E-11  5.433392245E-03  1.160000041E-01  3.731448364E+02 
       506  1.033381714E-11  7.411433384E-03  1.160000041E-01  3.731428833E+02 
       507  2.654630127E-10  1.187863108E-02  1.160000041E-01  3.731348267E+02 
       508  7.860521956E-11  1.613201760E-02  1.160000041E-01  3.731224060E+02 
       509  3.219025047E-11  2.033977024E-02  1.160000041E-01  3.731064453E+02 
       510 -6.684089948E-10  2.500000037E-02  1.159999967E-01  3.730891418E+02 
       511 -1.376548209E-09 -2.500000037E-02  1.199999973E-01  3.730894775E+02 
       512  1.468332539E-10 -2.035816014E-02  1.200000048E-01  3.731071167E+02 
       513 -6.687292387E-11 -1.615167409E-02  1.200000048E-01  3.731233826E+02 
       514  8.188727474E-12 -1.219676901E-02  1.200000048E-01  3.731354980E+02 
       515 -4.870298609E-12 -8.720455691E-03  1.200000048E-01  3.731423340E+02 
       516  1.037769870E-11 -5.612932611E-03  1.200000048E-01  3.731456604E+02 
       517 -1.526196947E-10 -5.501046311E-03  1.200000048E-01  3.731457520E+02 
       518 -5.234035427E-12 -2.388991183E-03  1.200000048E-01  3.731472778E+02 
       519  3.989226484E-12 -3.428687633E-04  1.200000048E-01  3.731477051E+02 
       520 -9.153935943E-11  6.292747275E-05  1.200000048E-01  3.731477661E+02 
       521  6.984540724E-11  3.070792416E-03  1.200000048E-01  3.731468811E+02 
       522 -4.844268736E-11  5.433392245E-03  1.200000048E-01  3.731453247E+02 
       523  1.033381714E-11  7.411433384E-03  1.200000048E-01  3.731434937E+02 
       524  2.654630127E-10  1.187863108E-02  1.200000048E-01  3.731356506E+02 
       525 -6.610553771E-11  1.613201760E-02  1.200000048E-01  3.731232910E+02 
       526 -1.328456234E-10  2.033977211E-02  1.200000048E-01  3.731070862E+02 
       527 -5.897268784E-10  2.500000037E-02  1.199999973E-01  3.730893555E+02 
       528 -1.455230381E-09 -2.500000037E-02  1.239999980E-01  3.730897522E+02 
       529  8.862559298E-11 -2.035816014E-02  1.240000054E-01  3.731077881E+02 
       530 -6.687292387E-11 -1.615167409E-02  1.240000054E-01  3.731243286E+02 
       531  8.188727474E-12 -1.219676901E-02  1.240000054E-01  3.731363220E+02 
       532  9.410840163E-12 -8.720455691E-03  1.240000054E-01  3.731428833E+02 
       533 -1.165376129E-11 -5.612932611E-03  1.240000054E-01  3.731461487E+02 
       534  1.139421890E-11 -5.501045845E-03  1.240000054E-01  3.731462708E+02 
       535 -3.433786588E-11 -2.388991183E-03  1.240000054E-01  3.731476440E+02 
       536  8.812703171E-13 -3.428688215E-04  1.240000054E-01  3.731480713E+02 
       537 -9.517733823E-11  6.292745093E-05  1.240000054E-01  3.731480713E+02 
       538  6.984540724E-11  3.070792416E-03  1.240000054E-01  3.731472778E+02 
       539 -4.844268736E-11  5.433392245E-03  1.240000054E-01  3.731458130E+02 
       540  1.033381714E-11  7.411433384E-03  1.240000054E-01  3.731441040E+02 
       541  2.654630127E-10  1.187863108E-02  1.240000054E-01  3.731365662E+02 
       542 -6.610553771E-11  1.613201760E-02  1.240000054E-01  3.731241760E+02 
       543 -7.463796248E-11  2.033977211E-02  1.240000054E-01  3.731078186E+02 
       544 -5.110447066E-10  2.500000037E-02  1.239999980E-01  3.730895996E+02 
       545 -1.533912553E-09 -2.500000037E-02  1.280000061E-01  3.730900269E+02 
       546  3.041793206E-11 -2.035816014E-02  1.280000061E-01  3.731085205E+02 
       547 -3.213856958E-11 -1.615167409E-02  1.280000061E-01  3.731253052E+02 
       548  8.188727474E-12 -1.219676901E-02  1.280000061E-01  3.731372070E+02 
       549  9.410840163E-12 -8.720455691E-03  1.280000061E-01  3.731435547E+02 
       550 -1.892971890E-11 -5.612932611E-03  1.280000061E-01  3.731465759E+02 
       551  4.118261288E-12 -5.501045845E-03  1.280000061E-01  3.731466675E+02 
       552 -3.433786588E-11 -2.388991183E-03  1.280000061E-01  3.731479797E+02 
       553  8.812703171E-13 -3.428688215E-04  1.280000061E-01  3.731483154E+02 
       554 -9.517733823E-11  6.292743637E-05  1.280000061E-01  3.731483765E+02 
       555  6.984540724E-11  3.070792416E-03  1.280000061E-01  3.731476135E+02 
       556 -1.816949369E-11  5.433392245E-03  1.280000061E-01  3.731463013E+02 
       557 -3.799072168E-12  7.411433384E-03  1.280000061E-01  3.731447144E+02 
       558 -1.726620236E-10  1.187863015E-02  1.280000061E-01  3.731374207E+02 
       559 -7.897876797E-12  1.613201760E-02  1.280000061E-01  3.731251831E+02 
       560 -1.073564848E-11  2.033977211E-02  1.280000061E-01  3.731085205E+02 
       561 -4.323625624E-10  2.500000037E-02  1.280000061E-01  3.730899048E+02 
       562 -1.612594613E-09 -2.500000037E-02  1.319999993E-01  3.730903015E+02 
       563 -2.778972885E-11 -2.035816014E-02  1.319999993E-01  3.731092834E+02 
       564 -3.213856958E-11 -1.615167409E-02  1.319999993E-01  3.731262512E+02 
       565  4.781822160E-11 -1.219676901E-02  1.319999993E-01  3.731381226E+02 
       566  9.410840163E-12 -8.720455691E-03  1.319999993E-01  3.731441650E+02 
       567  1.038708355E-11 -5.612932146E-03  1.319999993E-01  3.731470032E+02 
       568 -1.338706923E-12 -5.501045845E-03  1.319999993E-01  3.731470947E+02 
       569 -3.433786588E-11 -2.388991183E-03  1.319999993E-01  3.731482239E+02 
       570  1.869135922E-12 -3.428687633E-04  1.319999993E-01  3.731485291E+02 
       571 -8.062542300E-11  6.292741455E-05  1.319999993E-01  3.731485901E+02 
       572  6.008610276E-12  3.070792649E-03  1.319999993E-01  3.731479797E+02 
       573  1.093433677E-11  5.433392245E-03  1.319999993E-01  3.731467285E+02 
       574 -3.799072168E-12  7.411433384E-03  1.319999993E-01  3.731452332E+02 
       575 -1.726620236E-10  1.187863015E-02  1.319999993E-01  3.731382751E+02 
       576  5.030978412E-11  1.613201760E-02  1.319999993E-01  3.731262207E+02 
       577  5.110999124E-11  2.033977211E-02  1.319999993E-01  3.731093445E+02 
       578 -3.536804460E-10  2.500000037E-02  1.319999993E-01  3.730902100E+02 
       579 -1.691276785E-09 -2.500000037E-02  1.360000074E-01  3.730906677E+02 
       580  1.109770054E-10 -2.035816014E-02  1.360000074E-01  3.731101074E+02 
       581 -9.034623050E-11 -1.615167409E-02  1.360000074E-01  3.731273193E+02 
       582 -6.859710022E-11 -1.219676901E-02  1.360000074E-01  3.731390381E+02 
       583 -9.262798861E-12 -8.720455691E-03  1.360000074E-01  3.731448364E+02 
       584 -2.619628819E-11 -5.612932611E-03  1.360000074E-01  3.731473999E+02 
       585 -3.771849499E-11 -5.501046311E-03  1.360000074E-01  3.731474915E+02 
       586 -6.344169634E-11 -2.388991416E-03  1.360000074E-01  3.731485596E+02 
       587 -2.226685850E-12 -3.428689670E-04  1.360000074E-01  3.731488342E+02 
       588 -9.881531704E-11  6.292737817E-05  1.360000074E-01  3.731488647E+02 
       589  6.984540724E-11  3.070792416E-03  1.360000074E-01  3.731482544E+02 
       590 -1.816949369E-11  5.433392245E-03  1.360000074E-01  3.731471252E+02 
       591 -3.799072168E-12  7.411433384E-03  1.360000074E-01  3.731457520E+02 
       592 -1.726620236E-10  1.187863015E-02  1.360000074E-01  3.731391907E+02 
       593  7.941361457E-11  1.613201760E-02  1.360000074E-01  3.731273193E+02 
       594 -1.102879177E-10  2.033977024E-02  1.360000074E-01  3.731101685E+02 
       595 -2.749983019E-10  2.500000037E-02  1.360000074E-01  3.730905457E+02 
       596 -1.769958957E-09 -2.500000037E-02  1.400000006E-01  3.730909729E+02 
       597  5.276934445E-11 -2.035816014E-02  1.400000006E-01  3.731110840E+02 
       598 -9.034623050E-11 -1.615167409E-02  1.400000006E-01  3.731284790E+02 
       599 -6.859710022E-11 -1.219676901E-02  1.400000006E-01  3.731399231E+02 
       600 -9.262798861E-12 -8.720455691E-03  1.400000006E-01  3.731454163E+02 
       601 -2.437729879E-11 -5.612932611E-03  1.400000006E-01  3.731477356E+02 
       602 -3.589950559E-11 -5.501046311E-03  1.400000006E-01  3.731478271E+02 
       603 -3.433786588E-11 -2.388991416E-03  1.400000006E-01  3.731487732E+02 
       604 -3.286731130E-12 -3.428688797E-04  1.400000006E-01  3.731490173E+02 
       605 -9.153935943E-11  6.292736362E-05  1.400000006E-01  3.731490173E+02 
       606  6.008610276E-12  3.070792649E-03  1.400000006E-01  3.731484985E+02 
       607 -4.163194442E-11  5.433392245E-03  1.400000006E-01  3.731474609E+02 
       608 -1.793196147E-11  7.411433849E-03  1.400000006E-01  3.731462708E+02 
       609 -5.624670174E-11  1.187863015E-02  1.400000006E-01  3.731401062E+02 
       610 -7.226433341E-11  1.613201760E-02  1.400000006E-01  3.731284790E+02 
       611 -5.208025677E-11  2.033977024E-02  1.400000006E-01  3.731111450E+02 
       612 -1.963161578E-10  2.500000037E-02  1.400000006E-01  3.730909119E+02 
       613 -1.848641129E-09 -2.500000037E-02  1.439999938E-01  3.730913391E+02 
       614 -5.438316464E-12 -2.035816014E-02  1.440000087E-01  3.731120300E+02 
       615 -9.034623050E-11 -1.615167409E-02  1.440000087E-01  3.731296997E+02 
       616 -6.859710022E-11 -1.219676901E-02  1.440000087E-01  3.731408691E+02 
       617 -9.262798861E-12 -8.720455691E-03  1.440000087E-01  3.731459656E+02 
       618 -2.619628819E-11 -5.612932611E-03  1.440000087E-01  3.731481018E+02 
       619 -3.771849499E-11 -5.501046311E-03  1.440000087E-01  3.731481628E+02 
       620 -3.433786588E-11 -2.388991416E-03  1.440000087E-01  3.731489258E+02 
       621  1.869135922E-12 -3.428688215E-04  1.440000087E-01  3.731491699E+02 
       622 -7.408042235E-11  6.292736362E-05  1.440000087E-01  3.731492004E+02 
       623  8.121857353E-11  3.070792649E-03  1.440000087E-01  3.731487427E+02 
       624 -4.163194442E-11  5.433392245E-03  1.440000087E-01  3.731478271E+02 
       625 -1.793196147E-11  7.411433849E-03  1.440000087E-01  3.731467590E+02 
       626 -5.624670174E-11  1.187863015E-02  1.440000087E-01  3.731410217E+02 
       627 -4.316050295E-11  1.613201760E-02  1.440000087E-01  3.731296387E+02 
       628  9.765382947E-12  2.033977024E-02  1.440000087E-01  3.731120911E+02 
       629 -1.176340275E-10  2.500000037E-02  1.439999938E-01  3.730912781E+02 
       630 -1.927323190E-09 -2.500000037E-02  1.480000019E-01  3.730917969E+02 
       631 -5.438316464E-12 -2.035816014E-02  1.480000019E-01  3.731131592E+02 
       632 -1.485538914E-10 -1.615167409E-02  1.480000019E-01  3.731309814E+02 
       633  4.400027565E-11 -1.219676808E-02  1.480000019E-01  3.731418457E+02 
       634 -2.793643789E-11 -8.720455691E-03  1.480000019E-01  3.731465759E+02 
       635  1.586284229E-11 -5.612932611E-03  1.480000019E-01  3.731484375E+02 
       636 -6.136535724E-11 -5.501046311E-03  1.480000019E-01  3.731484985E+02 
       637 -6.344169634E-11 -2.388991416E-03  1.480000019E-01  3.731492310E+02 
       638  3.512476768E-13 -3.428689088E-04  1.480000019E-01  3.731493835E+02 
       639 -9.153935943E-11  6.292735634E-05  1.480000019E-01  3.731494141E+02 
       640  6.008610276E-12  3.070792649E-03  1.480000019E-01  3.731489868E+02 
       641  4.843278556E-11  5.433392245E-03  1.480000019E-01  3.731482239E+02 
       642 -1.793196147E-11  7.411433849E-03  1.480000019E-01  3.731472778E+02 
       643 -5.624670174E-11  1.187863015E-02  1.480000019E-01  3.731419678E+02 
       644 -1.405667249E-11  1.613201760E-02  1.480000019E-01  3.731309509E+02 
       645  2.874666651E-13  2.033977024E-02  1.480000019E-01  3.731133118E+02 
       646 -3.895187992E-11  2.500000037E-02  1.480000019E-01  3.730917053E+02 
       647 -2.006005362E-09 -2.500000037E-02  1.519999951E-01  3.730922852E+02 
       648  7.512078459E-11 -2.035816014E-02  1.519999951E-01  3.731143799E+02 
       649  2.595812454E-12 -1.615167409E-02  1.519999951E-01  3.731323853E+02 
       650  4.400027565E-11 -1.219676901E-02  1.519999951E-01  3.731427612E+02 
       651 -1.750624645E-11 -8.720455691E-03  1.519999951E-01  3.731471558E+02 
       652 -1.344456491E-11 -5.612932611E-03  1.519999951E-01  3.731487732E+02 
       653 -9.046918770E-11 -5.501046311E-03  1.519999951E-01  3.731488342E+02 
       654 -6.344169634E-11 -2.388991416E-03  1.519999951E-01  3.731494446E+02 
       655 -2.226685850E-12 -3.428690252E-04  1.519999951E-01  3.731495361E+02 
       656 -9.881531704E-11  6.292729813E-05  1.519999951E-01  3.731495361E+02 
       657  6.008610276E-12  3.070792649E-03  1.519999951E-01  3.731492310E+02 
       658 -4.163194442E-11  5.433391780E-03  1.519999951E-01  3.731485596E+02 
       659 -1.793196147E-11  7.411433384E-03  1.519999951E-01  3.731477051E+02 
       660  2.366006557E-10  1.187863015E-02  1.519999951E-01  3.731429443E+02 
       661  4.415098842E-11  1.613201760E-02  1.519999951E-01  3.731323853E+02 
       662 -2.215953549E-12  2.033977211E-02  1.519999951E-01  3.731145630E+02 
       663  3.973025728E-11  2.500000037E-02  1.519999951E-01  3.730921936E+02 
       664 -2.084687534E-09 -2.500000037E-02  1.560000032E-01  3.730929260E+02 
       665  7.512078459E-11 -2.035816014E-02  1.560000032E-01  3.731157532E+02 
       666 -1.138195094E-10 -1.615167409E-02  1.560000032E-01  3.731337891E+02 
       667  4.400027565E-11 -1.219676901E-02  1.560000032E-01  3.731437988E+02 
       668 -1.750624645E-11 -8.720455691E-03  1.560000032E-01  3.731476135E+02 
       669 -9.806586099E-12 -5.612932611E-03  1.560000032E-01  3.731490173E+02 
       670 -8.683120889E-11 -5.501046311E-03  1.560000032E-01  3.731490784E+02 
       671 -6.344169634E-11 -2.388991416E-03  1.560000032E-01  3.731495972E+02 
       672 -1.006184719E-11 -3.428689379E-04  1.560000032E-01  3.731496582E+02 
       673  5.530324029E-12  6.292738544E-05  1.560000032E-01  3.731496887E+02 
       674  8.121857353E-11  3.070792649E-03  1.560000032E-01  3.731494141E+02 
       675 -1.135875421E-11  5.433391780E-03  1.560000032E-01  3.731488647E+02 
       676 -2.759283774E-11  7.411432918E-03  1.560000032E-01  3.731481323E+02 
       677 -1.433167474E-10  1.187863108E-02  1.560000032E-01  3.731438904E+02 
       678  7.325481888E-11  1.613201760E-02  1.560000032E-01  3.731339111E+02 
       679 -3.316055763E-11  2.033977024E-02  1.560000032E-01  3.731159973E+02 
       680  1.184123910E-10  2.500000037E-02  1.560000032E-01  3.730928040E+02 
       681 -2.163369706E-09 -2.500000037E-02  1.599999964E-01  3.730935059E+02 
       682  1.691312368E-11 -2.035816014E-02  1.599999964E-01  3.731173096E+02 
       683 -1.138195094E-10 -1.615167409E-02  1.599999964E-01  3.731353760E+02 
       684  9.839000448E-11 -1.219676901E-02  1.599999964E-01  3.731447144E+02 
       685 -1.750624645E-11 -8.720455691E-03  1.599999964E-01  3.731480713E+02 
       686  2.881815619E-11 -5.612932146E-03  1.599999964E-01  3.731492615E+02 
       687 -1.177540288E-10 -5.501046311E-03  1.599999964E-01  3.731493225E+02 
       688 -9.254552680E-11 -2.388991416E-03  1.599999964E-01  3.731496887E+02 
       689 -8.788681588E-13 -3.428690834E-04  1.599999964E-01  3.731497803E+02 
       690  2.301408630E-12  6.292740727E-05  1.599999964E-01  3.731497803E+02 
       691  6.008610276E-12  3.070792649E-03  1.599999964E-01  3.731495667E+02 
       692 -1.135875421E-11  5.433391780E-03  1.599999964E-01  3.731490784E+02 
       693  3.061482318E-11  7.411432918E-03  1.599999964E-01  3.731484985E+02 
       694 -1.433167474E-10  1.187863108E-02  1.599999964E-01  3.731448364E+02 
       695  1.023586493E-10  1.613201760E-02  1.599999964E-01  3.731355896E+02 
       696  2.504710328E-11  2.033977024E-02  1.599999964E-01  3.731176453E+02 
       697  1.970945351E-10  2.500000037E-02  1.599999964E-01  3.730935059E+02 
       698 -2.242051655E-09 -2.500000037E-02  1.640000045E-01  3.730943909E+02 
       699  1.407087780E-10 -2.035816014E-02  1.640000045E-01  3.731192017E+02 
       700 -1.720271703E-10 -1.615167409E-02  1.640000045E-01  3.731370239E+02 
       701 -1.802531735E-11 -1.219676901E-02  1.640000045E-01  3.731455994E+02 
       702 -2.189872589E-11 -8.720455691E-03  1.640000045E-01  3.731484985E+02 
       703  1.974204827E-11 -5.612932146E-03  1.640000045E-01  3.731495056E+02 
       704 -1.905136049E-10 -5.501046311E-03  1.640000045E-01  3.731495361E+02 
       705  3.906291957E-11 -2.388991416E-03  1.640000045E-01  3.731498108E+02 
       706  1.999629975E-11 -3.428695491E-04  1.640000045E-01  3.731498413E+02 
       707 -3.542827056E-12  6.292742182E-05  1.640000045E-01  3.731498718E+02 
       708  6.984540724E-11  3.070792416E-03  1.640000045E-01  3.731497192E+02 
       709  1.210369999E-11  5.433391780E-03  1.640000045E-01  3.731493225E+02 
       710 -1.345994496E-11  7.411432452E-03  1.640000045E-01  3.731488342E+02 
       711 -1.433167474E-10  1.187863108E-02  1.640000045E-01  3.731457520E+02 
       712 -7.145595227E-11  1.613201760E-02  1.640000045E-01  3.731372070E+02 
       713  7.597880658E-11  2.033977024E-02  1.640000045E-01  3.731195984E+02 
       714  2.757766793E-10  2.500000037E-02  1.640000045E-01  3.730944214E+02 
       715 -2.320733827E-09 -2.500000037E-02  1.679999977E-01  3.730954895E+02 
       716  8.250111705E-11 -2.035816014E-02  1.679999977E-01  3.731213379E+02 
       717 -1.720271703E-10 -1.615167409E-02  1.679999977E-01  3.731388550E+02 
       718 -1.802531735E-11 -1.219676901E-02  1.679999977E-01  3.731464844E+02 
       719 -2.189872589E-11 -8.720455691E-03  1.679999977E-01  3.731489258E+02 
       720  3.975093171E-11 -5.612932146E-03  1.679999977E-01  3.731496582E+02 
       721 -1.723237109E-10 -5.501046311E-03  1.679999977E-01  3.731496887E+02 
       722  6.816675002E-11 -2.388991416E-03  1.679999977E-01  3.731499023E+02 
       723 -2.609829020E-12 -3.428692580E-04  1.679999977E-01  3.731499023E+02 
       724 -4.258688020E-12  6.292737817E-05  1.679999977E-01  3.731499329E+02 
       725  6.008610276E-12  3.070792649E-03  1.679999977E-01  3.731497803E+02 
       726 -1.135875421E-11  5.433391780E-03  1.679999977E-01  3.731495056E+02 
       727  3.061482318E-11  7.411432452E-03  1.679999977E-01  3.731491394E+02 
       728 -1.433167474E-10  1.187863108E-02  1.679999977E-01  3.731465759E+02 
       729 -2.021549594E-11  1.613201760E-02  1.679999977E-01  3.731389771E+02 
       730 -7.972450478E-11  2.033977211E-02  1.679999977E-01  3.731217651E+02 
       731  3.544588234E-10  2.500000037E-02  1.679999977E-01  3.730955200E+02 
       732 -2.399415999E-09 -2.500000037E-02  1.720000058E-01  3.730968018E+02 
       733  2.429345614E-11 -2.035816014E-02  1.720000058E-01  3.731239624E+02 
       734 -7.908509958E-11 -1.615167409E-02  1.720000058E-01  3.731406860E+02 
       735  2.160419066E-11 -1.219676901E-02  1.720000058E-01  3.731473389E+02 
       736 -2.189872589E-11 -8.720455691E-03  1.720000058E-01  3.731492615E+02 
       737  2.519901648E-11 -5.612932146E-03  1.720000058E-01  3.731497498E+02 
       738 -1.850566367E-10 -5.501046311E-03  1.720000058E-01  3.731497803E+02 
       739  6.816675002E-11 -2.388991183E-03  1.720000058E-01  3.731499023E+02 
       740 -1.967096624E-11 -3.428690834E-04  1.720000058E-01  3.731499023E+02 
       741 -4.463219724E-12  6.292740727E-05  1.720000058E-01  3.731499023E+02 
       742  8.121857353E-11  3.070792649E-03  1.720000058E-01  3.731499023E+02 
       743  1.891443599E-11  5.433391780E-03  1.720000058E-01  3.731497192E+02 
       744  1.648193040E-11  7.411433384E-03  1.720000058E-01  3.731494751E+02 
       745 -8.510908645E-11  1.187863108E-02  1.720000058E-01  3.731473999E+02 
       746  3.799216497E-11  1.613201760E-02  1.720000058E-01  3.731408081E+02 
       747 -1.060290744E-11  2.033977211E-02  1.720000058E-01  3.731244202E+02 
       748  4.331409398E-10  2.500000037E-02  1.720000058E-01  3.730969849E+02 
       749 -2.478098171E-09 -2.500000037E-02  1.759999990E-01  3.730986023E+02 
       750 -7.715073025E-11 -2.035816014E-02  1.759999990E-01  3.731269226E+02 
       751 -7.908509958E-11 -1.615167409E-02  1.759999990E-01  3.731425171E+02 
       752  2.160419066E-11 -1.219676901E-02  1.759999990E-01  3.731480713E+02 
       753 -2.189872589E-11 -8.720455691E-03  1.759999990E-01  3.731494751E+02 
       754  1.974204827E-11 -5.612932146E-03  1.759999990E-01  3.731497803E+02 
       755 -1.923325943E-10 -5.501046311E-03  1.759999990E-01  3.731498108E+02 
       756  6.816675002E-11 -2.388991416E-03  1.759999990E-01  3.731499023E+02 
       757 -1.967096624E-11 -3.428691125E-04  1.759999990E-01  3.731499329E+02 
       758 -4.463219724E-12  6.292737817E-05  1.759999990E-01  3.731499329E+02 
       759  8.121857353E-11  3.070792649E-03  1.759999990E-01  3.731499023E+02 
       760  1.891443599E-11  5.433391780E-03  1.759999990E-01  3.731497803E+02 
       761  1.648193040E-11  7.411433384E-03  1.759999990E-01  3.731495972E+02 
       762 -8.510908645E-11  1.187863108E-02  1.759999990E-01  3.731481018E+02 
       763  6.709599543E-11  1.613201760E-02  1.759999990E-01  3.731427002E+02 
       764  4.760475347E-11  2.033977211E-02  1.759999990E-01  3.731274414E+02 
       765  5.118230839E-10  2.500000037E-02  1.759999990E-01  3.730987244E+02 
       766 -2.556780343E-09 -2.500000037E-02  1.800000072E-01  3.731006470E+02 
       767  1.048525988E-10 -2.035816014E-02  1.800000072E-01  3.731302490E+02 
       768 -7.908509958E-11 -1.615167409E-02  1.800000072E-01  3.731443481E+02 
       769  2.160419066E-11 -1.219676901E-02  1.800000072E-01  3.731486816E+02 
       770 -2.189872589E-11 -8.720455691E-03  1.800000072E-01  3.731496887E+02 
       771  3.611295291E-11 -5.612932146E-03  1.800000072E-01  3.731499023E+02 
       772 -1.759616897E-10 -5.501046311E-03  1.800000072E-01  3.731499023E+02 
       773 -9.254552680E-11 -2.388991416E-03  1.800000072E-01  3.731499634E+02 
       774 -3.388091890E-12 -3.428689961E-04  1.800000072E-01  3.731499634E+02 
       775  5.223526472E-12  6.292731996E-05  1.800000072E-01  3.731499634E+02 
       776  8.121857353E-11  3.070792649E-03  1.800000072E-01  3.731499634E+02 
       777 -3.365185908E-11  5.433391314E-03  1.800000072E-01  3.731498413E+02 
       778  2.349037631E-12  7.411432918E-03  1.800000072E-01  3.731497803E+02 
       779 -8.510908645E-11  1.187863108E-02  1.800000072E-01  3.731487427E+02 
       780 -7.761478960E-11  1.613201760E-02  1.800000072E-01  3.731445007E+02 
       781 -1.065172256E-10  2.033977024E-02  1.800000072E-01  3.731307983E+02 
       782  5.905052003E-10  2.500000037E-02  1.800000072E-01  3.731007996E+02 
       783 -2.635462515E-09 -2.500000037E-02  1.840000004E-01  3.731032104E+02 
       784  1.048525988E-10 -2.035816014E-02  1.840000004E-01  3.731339722E+02 
       785 -1.955004214E-10 -1.615167409E-02  1.840000004E-01  3.731460571E+02 
       786  2.160419066E-11 -1.219676901E-02  1.840000004E-01  3.731491699E+02 
       787 -4.057236144E-11 -8.720455691E-03  1.840000004E-01  3.731498413E+02 
       788  4.986570185E-12 -5.612932146E-03  1.840000004E-01  3.731499329E+02 
       789  1.596549698E-10 -5.501046777E-03  1.840000004E-01  3.731499329E+02 
       790  6.816675002E-11 -2.388991416E-03  1.840000004E-01  3.731499634E+02 
       791 -5.119051016E-12 -3.428691707E-04  1.840000004E-01  3.731499939E+02 
       792  2.301408630E-12  6.292729813E-05  1.840000004E-01  3.731499939E+02 
       793  8.121857353E-11  3.070792416E-03  1.840000004E-01  3.731499634E+02 
       794 -3.365185908E-11  5.433391314E-03  1.839999855E-01  3.731499023E+02 
       795  2.349037631E-12  7.411432918E-03  1.840000004E-01  3.731498413E+02 
       796 -1.721791598E-10  1.187863108E-02  1.840000004E-01  3.731492310E+02 
       797 -4.851095914E-11  1.613201760E-02  1.840000004E-01  3.731461792E+02 
       798 -4.625294592E-11  2.033977024E-02  1.840000004E-01  3.731343994E+02 
       799  6.691873722E-10  2.500000037E-02  1.840000004E-01  3.731032715E+02 
       800 -2.714144687E-09 -2.500000037E-02  1.879999936E-01  3.731060486E+02 
       801  4.664493791E-11 -2.035816014E-02  1.880000085E-01  3.731378479E+02 
       802 -1.955004214E-10 -1.615167409E-02  1.880000085E-01  3.731474609E+02 
       803  2.160419066E-11 -1.219676901E-02  1.880000085E-01  3.731494751E+02 
       804 -4.057236144E-11 -8.720455691E-03  1.880000085E-01  3.731498718E+02 
       805  1.771949601E-11 -5.612932146E-03  1.880000085E-01  3.731499634E+02 
       806 -1.923325943E-10 -5.501046311E-03  1.880000085E-01  3.731499634E+02 
       807  6.816675002E-11 -2.388991183E-03  1.880000085E-01  3.731499939E+02 
       808 -1.490423063E-11 -3.428689961E-04  1.880000085E-01  3.731499939E+02 
       809  5.428058177E-12  6.292731996E-05  1.880000085E-01  3.731499939E+02 
       810  8.121857353E-11  3.070792416E-03  1.880000085E-01  3.731499634E+02 
       811 -3.365185908E-11  5.433391314E-03  1.880000085E-01  3.731499634E+02 
       812  2.349037631E-12  7.411432918E-03  1.880000085E-01  3.731499634E+02 
       813 -1.721791598E-10  1.187863108E-02  1.880000085E-01  3.731495972E+02 
       814  3.183331376E-11  1.613201760E-02  1.880000085E-01  3.731475525E+02 
       815  1.559269380E-11  2.033977024E-02  1.880000085E-01  3.731381226E+02 
       816  7.478694886E-10  2.500000037E-02  1.879999936E-01  3.731060486E+02 
       817 -2.792826637E-09 -2.500000037E-02  1.920000017E-01  3.731090698E+02 
       818 -5.479923459E-11 -2.035816014E-02  1.920000017E-01  3.731416626E+02 
       819  2.026227658E-10 -1.615167409E-02  1.920000017E-01  3.731486511E+02 
       820 -1.133892841E-10 -1.219676901E-02  1.920000166E-01  3.731497803E+02 
       821  2.812639011E-12 -8.720455691E-03  1.920000017E-01  3.731499023E+02 
       822 -2.068284433E-11 -5.612932146E-03  1.920000017E-01  3.731499329E+02 
       823  1.360081076E-10 -5.501046777E-03  1.920000017E-01  3.731499329E+02 
       824  6.816675002E-11 -2.388991416E-03  1.920000017E-01  3.731499634E+02 
       825  2.156906598E-12 -3.428691998E-04  1.920000017E-01  3.731499939E+02 
       826  5.632589881E-12  6.292724720E-05  1.920000017E-01  3.731499939E+02 
       827  8.121857353E-11  3.070792416E-03  1.920000017E-01  3.731499939E+02 
       828 -3.365185908E-11  5.433391314E-03  1.920000017E-01  3.731499634E+02 
       829  2.349037631E-12  7.411432918E-03  1.920000017E-01  3.731499634E+02 
       830 -1.721791598E-10  1.187863108E-02  1.920000017E-01  3.731497803E+02 
       831  6.093714422E-11  1.613201760E-02  1.920000017E-01  3.731487427E+02 
       832  7.380035472E-11  2.033977024E-02  1.920000017E-01  3.731418762E+02 
       833  8.265516604E-10  2.500000037E-02  1.920000017E-01  3.731090698E+02 
       834 -2.871508809E-09 -2.500000037E-02  1.959999949E-01  3.731121826E+02 
       835  1.272041084E-10 -2.035816014E-02  1.960000098E-01  3.731452026E+02 
       836  8.620744396E-11 -1.615167409E-02  1.960000098E-01  3.731494446E+02 
       837 -1.133892841E-10 -1.219676901E-02  1.960000247E-01  3.731499329E+02 
       838  2.812639011E-12 -8.720455691E-03  1.960000098E-01  3.731499634E+02 
       839  1.045297182E-11 -5.612931680E-03  1.960000098E-01  3.731499329E+02 
       840  1.323701287E-10 -5.501046777E-03  1.960000098E-01  3.731499329E+02 
       841  6.816675002E-11 -2.388991648E-03  1.960000098E-01  3.731499939E+02 
       842 -7.628273013E-12 -3.428691125E-04  1.960000098E-01  3.731499939E+02 
       843  5.223526472E-12  6.292720354E-05  1.960000098E-01  3.731499939E+02 
       844 -5.950978599E-11  3.070792416E-03  1.960000098E-01  3.731499939E+02 
       845  1.693659102E-11  5.433391314E-03  1.960000098E-01  3.731499634E+02 
       846 -7.311852512E-12  7.411432918E-03  1.960000098E-01  3.731499634E+02 
       847 -5.576383799E-11  1.187863108E-02  1.960000098E-01  3.731499329E+02 
       848  9.004097468E-11  1.613201760E-02  1.960000098E-01  3.731494446E+02 
       849 -8.395961704E-11  2.033977211E-02  1.960000098E-01  3.731453552E+02 
       850  9.052337768E-10  2.500000037E-02  1.959999949E-01  3.731119995E+02 
       851 -2.950190980E-09 -2.500000037E-02  2.000000030E-01  3.731310425E+02 
       852  6.899644744E-11 -2.035816014E-02  2.000000030E-01  3.731500244E+02 
       853  2.799978305E-11 -1.615167409E-02  2.000000030E-01  3.731499939E+02 
       854 -7.918665723E-13 -1.219676901E-02  2.000000030E-01  3.731499939E+02 
       855  1.324283738E-11 -8.720455691E-03  2.000000030E-01  3.731500244E+02 
       856 -2.385244779E-13 -5.612931214E-03  2.000000030E-01  3.731499939E+02 
       857  5.233459499E-11 -5.501046777E-03  2.000000030E-01  3.731499939E+02 
       858 -1.914474135E-11 -2.388991648E-03  2.000000030E-01  3.731499634E+02 
       859  4.239966017E-12 -3.428697237E-04  2.000000030E-01  3.731499939E+02 
       860 -3.338295352E-12  6.292725448E-05  2.000000030E-01  3.731499939E+02 
       861  6.008610276E-12  3.070792183E-03  2.000000030E-01  3.731499939E+02 
       862 -3.365185908E-11  5.433391314E-03  2.000000030E-01  3.731499634E+02 
       863  2.349037631E-12  7.411432918E-03  2.000000030E-01  3.731499939E+02 
       864 -1.721791598E-10  1.187863108E-02  2.000000030E-01  3.731499634E+02 
       865  9.004097468E-11  1.613201760E-02  2.000000030E-01  3.731499939E+02 
       866 -4.394185016E-11  2.033977211E-02  2.000000030E-01  3.731499939E+02 
       867  9.839159487E-10  2.500000037E-02  2.000000030E-01  3.731308594E+02 
